ISO

PARAM IS OFFSET
TR/CV PAIRS ARE NOTES



#1
IF EZ G.BTNV: BREAK
A % G.BTNI 16; B / G.BTNI 16
C + A * B 5; I + X 1
CV I N + C PARAM; TR.PULSE I
X % + X 1 4

#2

#3

#4

#5

#6

#7
B % Z 16; C / Z 16
D % + Y + B * C 5 12
T && < D 5 EZ % D 2
T || T && > D 4 NZ % D 2
G.BTN.L Z * T 8

#8
B % A 16; C / A 16
D % + Y + B * C 5 12
T && < D 5 EZ % D 2
T || T && > D 4 NZ % D 2
G.BTN A B C 1 1 0 * T 8 1

#M
IF EZ M.ACT: BREAK
M.ACT 0; Y PARAM
L 0 127: Z I; SCRIPT 7
M.ACT 1

#I
G.RST; PARAM.SCALE 0 127
Y PARAM
L 0 127: A I; SCRIPT 8
M 10; M.ACT 1

#P
64	0	0	0
1	1	1	1
0	0	0	0
63	63	63	63

0	0	0	0
0	0	0	0
0	0	0	0
0	0	0	0
0	0	0	0
0	0	0	0
0	0	0	0
0	0	0	0
0	0	0	0
0	0	0	0
0	0	0	0
0	0	0	0
0	0	0	0
0	0	0	0
0	0	0	0
0	0	0	0
0	0	0	0
0	0	0	0
0	0	0	0
0	0	0	0
0	0	0	0
0	0	0	0
0	0	0	0
0	0	0	0
0	0	0	0
0	0	0	0
0	0	0	0
0	0	0	0
0	0	0	0
0	0	0	0
0	0	0	0
0	0	0	0
0	0	0	0
0	0	0	0
0	0	0	0
0	0	0	0
0	0	0	0
0	0	0	0
0	0	0	0
0	0	0	0
0	0	0	0
0	0	0	0
0	0	0	0
0	0	0	0
0	0	0	0
0	0	0	0
0	0	0	0
0	0	0	0
0	0	0	0
0	0	0	0
0	0	0	0
0	0	0	0
0	0	0	0
0	0	0	0
0	0	0	0
0	0	0	0
0	0	0	0
0	0	0	0
0	0	0	0
0	0	0	0
0	0	0	0
0	0	0	0
0	0	0	0
0	0	0	0

#G
0000000000000000
0000000000000000
0000000000000000
0000000000000000
0000000000000000
0000000000000000
0000000000000000
0000000000000000
0000000000000000
0000000000000000
0000000000000000
0000000000000000
0000000000000000
0000000000000000
0000000000000000
0000000000000000

0	0	0	0	0	0	0	0	0	0	0	0	0	0	0	0
0	0	0	0	0	0	0	0	0	0	0	0	0	0	0	0
0	0	0	0	0	0	0	0	0	0	0	0	0	0	0	0
0	0	0	0	0	0	0	0	0	0	0	0	0	0	0	0
